Shell Sorted Array

135 362 416 495 577 709 785 906 984 1042 
1251 1251 1325 1352 1496 1694 1763 2032 2210 2418 
2448 2606 2641 2654 2668 3195 3280 3343 3546 3549 
3631 3632 3692 3696 3767 4044 4093 4317 4358 4421 
4572 4575 4597 4602 4614 4812 4866 5012 5094 5260 
5317 5358 5568 5637 5690 5936 5959 6033 6130 6244 
6255 6271 6339 6387 6447 6609 6651 6706 6841 7006 
7171 7303 7893 7908 8072 8095 8117 8135 8151 8177 
8291 8319 8365 8404 8432 8523 8653 8710 8732 8826 
8897 9013 9048 9316 9459 9481 9659 9682 9709 9759 
