Quick Sorted Array

89 232 233 236 357 415 468 493 506 523 
591 615 784 843 848 899 1167 1180 1337 1403 
1650 1830 1888 1960 2072 2116 2195 2379 2412 2500 
2524 2604 2606 2630 2662 2754 2910 2963 2999 3093 
3345 3356 3432 3433 3455 3694 3754 3948 4049 4162 
4334 4342 4376 4615 4663 4744 5317 5413 5482 5501 
5537 5699 5799 6262 6318 6461 6481 6545 6561 6768 
6772 6871 6909 7062 7167 7325 7597 7625 7717 7763 
7919 7935 8109 8346 8374 8395 8478 8485 8503 8520 
8721 8805 8876 8950 9010 9385 9486 9737 9875 9914 
